st1;st2;chi2;chi2error;offset
11;10;112735.231795;35.8658699104;0
11;10;112707.407595;35.8538375503;1
11;10;112633.002665;35.8169841352;2
11;10;112542.398607;35.757517144;3
11;10;112501.572325;35.682440151;4
11;10;112551.636662;35.5955786318;5
11;10;112698.463948;35.4989899864;6
11;10;112951.39499;35.3974627387;7
11;10;113338.725798;35.299755375;8
11;10;113913.117868;35.2188777673;9
11;10;114687.252598;35.160487013;10
12;10;85159.9557172;31.2660383656;0
12;10;85082.5990983;31.244425189;1
12;10;84872.6893546;31.17822709;2
12;10;84601.7747473;31.0714092612;3
12;10;84406.7776732;30.9365519023;4
12;10;84388.5427773;30.7805265395;5
12;10;84580.3734609;30.6070287861;6
12;10;85005.1798924;30.4246600478;7
12;10;85705.4921859;30.2491527921;8
12;10;86756.9991994;30.103876055;9
12;10;88172.0118104;29.9989914213;10
12;11;60639.507085;24.9470726415;0
12;11;60639.0000694;24.9374918251;1
12;11;60645.1986784;24.9081471411;2
12;11;60676.9670345;24.8607963035;3
12;11;60773.9581517;24.8010159377;4
12;11;60959.9509058;24.731852094;5
12;11;61233.8694729;24.654942986;6
12;11;61595.0765315;24.5741014955;7
12;11;62053.5464965;24.4963016034;8
12;11;62633.3064339;24.4319024741;9
12;11;63336.9233326;24.3854085947;10
13;10;67113.1636698;27.645024443;0
13;10;66979.7407725;27.6158691925;1
13;10;66615.6009329;27.5265707889;2
13;10;66135.2857594;27.3824781077;3
13;10;65743.0485928;27.2005613;4
13;10;65603.5912822;26.9900897605;5
13;10;65786.0026043;26.7560487137;6
13;10;66327.6986929;26.5100410879;7
13;10;67277.2405201;26.2732893084;8
13;10;68716.6542202;26.0773172052;9
13;10;70651.4304543;25.9358323215;10
13;11;44456.158014;21.3260587189;0
13;11;44438.1778002;21.3089358285;1
13;11;44401.6960653;21.25649084;2
13;11;44391.0135926;21.1718651501;3
13;11;44488.4807204;21.0650253354;4
13;11;44753.4311792;20.9414153151;5
13;11;45198.1337263;20.8039629137;6
13;11;45825.2734239;20.6594825355;7
13;11;46647.5022927;20.5204381197;8
13;11;47695.9716478;20.4092356986;9
13;11;48968.7406866;20.3424836291;10
13;12;33035.3702118;17.0142035077;0
13;12;33048.6269133;17.0066614337;1
13;12;33094.7685202;16.9842002573;2
13;12;33185.2521098;16.9501833548;3
13;12;33343.1603845;16.9133404896;4
13;12;33581.5123365;16.8817109576;5
13;12;33895.7839717;16.8723319632;6
13;12;34280.392701;16.8829144828;7
13;12;34735.3460888;16.9264655773;8
13;12;35268.3950152;17.0137311274;9
13;12;35876.872966;17.1387281204;10
14;10;55209.5299111;24.8035138111;0
14;10;55021.5774872;24.7684400848;1
14;10;54507.0699444;24.6610142279;2
14;10;53820.8177643;24.4876709302;3
14;10;53226.993991;24.2688252603;4
14;10;52950.7968848;24.0156282873;5
14;10;53098.1515256;23.7340772293;6
14;10;53720.2163079;23.4381303932;7
14;10;54867.0928269;23.1533183275;8
14;10;56618.507173;22.9175641564;9
14;10;58970.5706287;22.7527203342;10
14;11;34014.8199388;18.484548087;0
14;11;33972.5952652;18.4615067208;1
14;11;33873.2820289;18.3909342789;2
14;11;33787.6726657;18.2770579726;3
14;11;33838.7065281;18.1332892957;4
14;11;34124.004115;17.9669538419;5
14;11;34675.0605694;17.7819914293;6
14;11;35499.5271462;17.5875718408;7
14;11;36608.9650982;17.4094722269;8
14;11;38032.8432564;17.3110291317;9
14;11;39761.6560638;17.3765107222;10
14;12;23758.3911171;14.2941553964;0
14;12;23771.5179683;14.2806948466;1
14;12;23824.5291364;14.2406077586;2
14;12;23944.4031816;14.1798968438;3
14;12;24179.4196801;14.1219583312;4
14;12;24563.1998722;14.0880365104;5
14;12;25096.4241803;14.0902094858;6
14;12;25771.4882274;14.1423769184;7
14;12;26585.2135538;14.2722828244;8
14;12;27544.1602904;14.5298978979;9
14;12;28639.5420706;14.8930559726;10
14;13;19813.056172;13.0966553748;0
14;13;19831.9094814;13.0960288436;1
14;13;19893.648121;13.0959744274;2
14;13;20005.1577932;13.1017901705;3
14;13;20179.5185898;13.122863171;4
14;13;20423.4114028;13.1632067636;5
14;13;20731.0024735;13.2330060693;6
14;13;21094.7690351;13.3462567964;7
14;13;21509.8756663;13.484490522;8
14;13;21975.5187142;13.6512621222;9
14;13;22486.7157613;13.8448298982;10
15;10;47226.3240909;22.5637686225;0
15;10;46988.862519;22.524029815;1
15;10;46337.6486909;22.4023154751;2
15;10;45463.2814326;22.2059161569;3
15;10;44681.5537507;21.9579622935;4
15;10;44271.7852678;21.6710881337;5
15;10;44374.3619348;21.3520885729;6
15;10;45052.7361294;21.0167784823;7
15;10;46356.2455772;20.6940841742;8
15;10;48358.2959112;20.4311297558;9
15;10;51045.1093996;20.3122504067;10
15;11;27184.2298029;16.2448028984;0
15;11;27116.3673797;16.217096451;1
15;11;26949.3459415;16.1322355262;2
15;11;26778.8867398;15.9953031993;3
15;11;26764.3121888;15.8224263288;4
15;11;27039.8579889;15.6224136882;5
15;11;27657.5996055;15.4000027728;6
15;11;28630.5647739;15.1674871592;7
15;11;29967.4767536;15.0035845574;8
15;11;31691.9706933;15.0042456952;9
15;11;33786.0823509;15.4189065469;10
15;12;17845.5759827;12.2211033875;0
15;12;17852.072784;12.2029777565;1
15;12;17892.315759;12.1489975124;2
15;12;18009.5653396;12.0713020477;3
15;12;18276.3517181;12.0017851908;4
15;12;18748.9719837;11.9701418272;5
15;12;19437.6344365;11.9888959532;6
15;12;20334.60309;12.1354533707;7
15;12;21432.2099619;12.4865298529;8
15;12;22731.5690972;12.9760623637;9
15;12;24216.5743496;13.5880007892;10
15;13;14622.7188123;11.3072920867;0
15;13;14649.9050425;11.3075184636;1
15;13;14742.1245809;11.3115565995;2
15;13;14915.7380772;11.3315108463;3
15;13;15198.5255079;11.3895451976;4
15;13;15608.8704754;11.5111716907;5
15;13;16141.7665505;11.6747332704;6
15;13;16785.2233569;11.911016468;7
15;13;17528.615857;12.2185357265;8
15;13;18365.99943;12.5693417999;9
15;13;19285.9684323;12.9568096798;10
15;14;14640.5185667;11.7628862841;0
15;14;14660.593348;11.7701096311;1
15;14;14725.0130156;11.7932183197;2
15;14;14837.9109334;11.8338157356;3
15;14;15006.4922609;11.8946121397;4
15;14;15233.8487802;11.9774546494;5
15;14;15513.9802584;12.084150119;6
15;14;15839.0165056;12.2124884765;7
15;14;16202.1476855;12.3607037022;8
15;14;16598.4722655;12.5230096706;9
15;14;17022.2705693;12.698161328;10
16;10;41742.0709346;20.7768846779;0
16;10;41460.9836852;20.7334240368;1
16;10;40689.2090314;20.600310248;2
16;10;39648.456879;20.3855166799;3
16;10;38698.4783436;20.1143401017;4
16;10;38165.8408339;19.8005980532;5
16;10;38221.8536135;19.4517218222;6
16;10;38940.7015965;19.0850074595;7
16;10;40369.8624151;18.7320904406;8
16;10;42574.84946;18.4830107047;9
16;10;45532.4174751;18.5102244602;10
16;11;22619.5412789;14.4641227518;0
16;11;22527.0979421;14.4326944709;1
16;11;22294.5628183;14.3364340971;2
16;11;22040.1044332;14.1811075202;3
16;11;21954.8472066;13.985007935;4
16;11;22206.3080909;13.7581274058;5
16;11;22866.4118681;13.5058398201;6
16;11;23953.3999791;13.265916471;7
16;11;25472.48084;13.1553304356;8
16;11;27439.7857098;13.4575292193;9
16;11;29829.0239486;14.1955387602;10
16;12;14013.0945969;10.6610193332;0
16;12;14010.1749567;10.6391718688;1
16;12;14028.7357589;10.5741075703;2
16;12;14127.5861186;10.4850265949;3
16;12;14401.3788862;10.4124228483;4
16;12;14928.5714926;10.3742944344;5
16;12;15730.4038391;10.4587034931;6
16;12;16799.9592533;10.776422801;7
16;12;18124.7373076;11.3072585981;8
16;12;19698.6573849;12.0161712521;9
16;12;21498.1955676;12.8140022832;10
16;13;11366.6351089;9.99343122527;0
16;13;11396.3424574;9.99373721032;1
16;13;11501.3842426;10.0026303032;2
16;13;11708.239187;10.0454369262;3
16;13;12059.1902867;10.1557508613;4
16;13;12586.0270411;10.3220194688;5
16;13;13287.8332657;10.6113241865;6
16;13;14149.9786081;10.9842925627;7
16;13;15155.9683617;11.428261258;8
16;13;16292.9066692;11.9292718035;9
16;13;17542.6853916;12.4724039954;10
16;14;11836.750203;10.6022694771;0
16;14;11868.713839;10.6152556596;1
16;14;11973.032334;10.6568006171;2
16;14;12159.6955731;10.7297869275;3
16;14;12444.4323931;10.8430696626;4
16;14;12836.8706159;11.0086002636;5
16;14;13329.6531772;11.2220483275;6
16;14;13909.5553095;11.4710033761;7
16;14;14563.0835692;11.7517636993;8
16;14;15278.5762097;12.053835654;9
16;14;16044.1723568;12.3721285366;10
16;15;13785.731908;11.5334862798;0
16;15;13805.0046315;11.5411435243;1
16;15;13866.2458535;11.5652630205;2
16;15;13971.9530404;11.6071239604;3
16;15;14125.9368114;11.6688886087;4
16;15;14329.3182244;11.7511182234;5
16;15;14576.4469353;11.8528944181;6
16;15;14859.8286537;11.9703086162;7
16;15;15172.1382071;12.0984637129;8
16;15;15506.7659504;12.2349148577;9
16;15;15858.0131129;12.3768669375;10
17;10;37857.6505869;19.3223540076;0
17;10;37538.347605;19.2758637793;1
17;10;36660.9032353;19.1334707935;2
17;10;35474.0286909;18.9037042324;3
17;10;34375.0757655;18.6136242715;4
17;10;33731.7383018;18.2780116544;5
17;10;33742.7449637;17.9048156944;6
17;10;34491.6226664;17.5125381287;7
17;10;36023.5153911;17.1359703571;8
17;10;38395.6448678;16.9800857981;9
17;10;41576.0252226;17.2209443354;10
17;11;19483.6502159;13.0590786167;0
17;11;19368.4936606;13.0246207485;1
17;11;19075.0974128;12.9190811778;2
17;11;18741.5789335;12.7487816079;3
17;11;18586.7682033;12.5337786401;4
17;11;18807.9397948;12.284000159;5
17;11;19495.4236125;12.0019807071;6
17;11;20672.3107486;11.7855724936;7
17;11;22340.128995;11.8128376651;8
17;11;24507.0340704;12.3988973067;9
17;11;27138.9235985;13.4331931673;10
17;12;11473.2230699;9.54902733402;0
17;12;11459.934152;9.52415028223;1
17;12;11453.3128567;9.45006351915;2
17;12;11526.5017539;9.35171469258;3
17;12;11793.980227;9.27659820556;4
17;12;12354.9108617;9.25864208387;5
17;12;13241.7610264;9.42964683468;6
17;12;14448.8866475;9.88324609905;7
17;12;15959.0341404;10.5917790412;8
17;12;17758.3990597;11.4393134163;9
17;12;19816.3853773;12.3827448486;10
17;13;9295.95359828;9.06092575115;0
17;13;9325.00889056;9.06129653753;1
17;13;9432.95531378;9.07892683247;2
17;13;9656.18450625;9.15103580902;3
17;13;10050.6035818;9.28871626102;4
17;13;10661.5810409;9.53613181583;5
17;13;11493.7778748;9.91731392201;6
17;13;12531.0204534;10.398961253;7
17;13;13751.216609;10.960966886;8
17;13;15133.9448054;11.5701385641;9
17;13;16654.6070307;12.2281896272;10
17;14;10134.2551862;9.80073563459;0
17;14;10173.1921406;9.81841278805;1
17;14;10302.4557184;9.87496494216;2
17;14;10538.4798005;9.97720723907;3
17;14;10905.7501322;10.1475415421;4
17;14;11421.881446;10.3879715126;5
17;14;12080.6599114;10.6907891327;6
17;14;12865.1077866;11.0342744758;7
17;14;13755.4716178;11.4239315871;8
17;14;14732.7194732;11.8383930929;9
17;14;15778.9575033;12.2662184979;10
17;15;12373.4501033;10.8043280161;0
17;15;12405.7066441;10.8182182882;1
17;15;12509.2657433;10.8619711507;2
17;15;12690.3345793;10.941458774;3
17;15;12957.644232;11.0641654073;4
17;15;13315.8948526;11.2265051039;5
17;15;13757.0843942;11.418758375;6
17;15;14268.2238577;11.6318873297;7
17;15;14835.2058239;11.8599415016;8
17;15;15444.1730255;12.0980461661;9
17;15;16083.7538546;12.3416249799;10
17;16;15157.8076855;11.7521048785;0
17;16;15175.5867196;11.7591089343;1
17;16;15231.7647304;11.7810553855;2
17;16;15327.8699995;11.8189854993;3
17;16;15465.7622433;11.8746593678;4
17;16;15645.5039687;11.9475065952;5
17;16;15861.9551888;12.0337770396;6
17;16;16108.2316272;12.1301692076;7
17;16;16377.1343932;12.2345922198;8
17;16;16661.5136465;12.3413139045;9
17;16;16955.9838705;12.4489418257;10
18;10;35006.0423605;18.1272736556;0
18;10;34652.8821101;18.0782473064;1
18;10;33681.7814335;17.9280865415;2
18;10;32365.2119479;17.6857858245;3
18;10;31133.2566517;17.3798815094;4
18;10;30389.877233;17.0244989026;5
18;10;30358.3067551;16.6232441286;6
18;10;31130.3104613;16.1961963779;7
18;10;32748.5132376;15.8257500545;8
18;10;35261.9070651;15.8169647865;9
18;10;38630.4755717;16.2739758332;10
18;11;17258.6490271;11.9505504823;0
18;11;17122.6126307;11.9135564932;1
18;11;16773.070137;11.8002491434;2
18;11;16365.9957459;11.6174154176;3
18;11;16144.6672668;11.3865880955;4
18;11;16333.1100829;11.1184257604;5
18;11;17038.6124878;10.8234008831;6
18;11;18288.7432766;10.643662409;7
18;11;20081.383571;10.8212429379;8
18;11;22416.7239709;11.6378494807;9
18;11;25253.4091846;12.888949765;10
18;12;9747.16032415;8.76353466025;0
18;12;9723.32489518;8.73612148759;1
18;12;9690.42489493;8.65526724822;2
18;12;9734.75881462;8.55054931478;3
18;12;9988.65819382;8.47115480643;4
18;12;10570.4584504;8.47687221458;5
18;12;11523.5768003;8.75301627786;6
18;12;12843.8524595;9.35497390415;7
18;12;14509.4873367;10.1741275917;8
18;12;16498.9225805;11.1235626823;9
18;12;18774.9284012;12.155908168;10
18;13;7962.65807255;8.40389167302;0
18;13;7989.30131082;8.4068452975;1
18;13;8094.48092965;8.434832069;2
18;13;8324.04397797;8.5282004945;3
18;13;8746.55757397;8.68728687457;4
18;13;9420.59762258;9.02475168938;5
18;13;10357.0450035;9.48324599159;6
18;13;11538.8521569;10.0617666659;7
18;13;12938.6756263;10.7093479106;8
18;13;14528.5053441;11.4104408284;9
18;13;16277.5969379;12.1488327429;10
18;14;9109.1750541;9.28083866241;0
18;14;9152.08328985;9.30244271029;1
18;14;9297.0305075;9.37155765276;2
18;14;9567.0021045;9.507455771;3
18;14;9995.0694045;9.72591726144;4
18;14;10607.3733064;10.0327147235;5
18;14;11400.2081377;10.4134792007;6
18;14;12353.8724508;10.8447014034;7
18;14;13442.806872;11.2988015653;8
18;14;14640.5211039;11.7700619905;9
18;14;15923.3574143;12.2672225083;10
18;15;11591.3125586;10.3906108991;0
18;15;11632.5718751;10.4109007854;1
18;15;11766.3576862;10.4762064154;2
18;15;12003.1397695;10.5924854577;3
18;15;12357.0232252;10.7621910374;4
18;15;12837.5445097;10.9837225836;5
18;15;13436.2840613;11.2459262094;6
18;15;14136.0711383;11.5319385731;7
18;15;14916.5552281;11.8405051376;8
18;15;15756.523298;12.1547053118;9
18;15;16639.1413348;12.473213924;10
18;16;14569.4913893;11.3983879749;0
18;16;14600.2873596;11.4112552493;1
18;16;14698.2946439;11.4518486342;2
18;16;14867.4780097;11.5272511363;3
18;16;15112.5089906;11.6370035881;4
18;16;15435.3426023;11.7775972849;5
18;16;15828.0872215;11.9419857057;6
18;16;16278.5135974;12.1286150387;7
18;16;16772.8309661;12.3258238272;8
18;16;17296.6155768;12.5240037441;9
18;16;17839.2600286;12.7195330553;10
18;17;17647.6418816;12.3003972416;0
18;17;17663.9263603;12.3081967841;1
18;17;17715.2001655;12.3323775167;2
18;17;17802.4133189;12.3748823796;3
18;17;17926.2919945;12.4342188552;4
18;17;18086.3324391;12.5091645412;5
18;17;18277.8830316;12.5944049602;6
18;17;18494.6519229;12.6858122445;7
18;17;18729.7633312;12.7791705604;8
18;17;18976.0099763;12.871672361;9
18;17;19228.365759;12.9622614717;10
19;10;32830.8847931;17.114675455;0
19;10;32447.0256623;17.0634525222;1
19;10;31390.9789216;16.9065639328;2
19;10;29956.6477537;16.6534071396;3
19;10;28603.3885967;16.3284530943;4
19;10;27767.9307008;15.9506741529;5
19;10;27695.8732624;15.5314415023;6
19;10;28486.4247355;15.0804379921;7
19;10;30179.6116427;14.726902225;8
19;10;32816.3489398;14.869107751;9
19;10;36349.1393442;15.5024984773;10
19;11;15626.207999;11.1022385287;0
19;11;15470.7127243;11.063047956;1
19;11;15068.7123596;10.9430127817;2
19;11;14592.4993914;10.7493229797;3
19;11;14307.4506753;10.5007012308;4
19;11;14462.1162678;10.207540647;5
19;11;15179.6148497;9.90747737452;6
19;11;16491.7012759;9.77627212678;7
19;11;18392.6816902;10.1491257602;8
19;11;20874.8988682;11.1067436951;9
19;11;23890.1900878;12.4685569974;10
19;12;8546.85958311;8.23853752713;0
19;12;8512.51517395;8.20892777086;1
19;12;8453.02616081;8.12337741429;2
19;12;8466.93785177;8.01390633835;3
19;12;8702.96819229;7.92736012208;4
19;12;9297.41383951;7.97119544313;5
19;12;10304.3182814;8.32853226991;6
19;12;11721.1132742;9.01945315565;7
19;12;13521.6481153;9.93217136429;8
19;12;15676.6986315;10.9512893277;9
19;12;18142.7638635;12.055205058;10
19;13;7102.54065795;8.0399659165;0
19;13;7125.72032746;8.04340731278;1
19;13;7224.67504763;8.08343779655;2
19;13;7454.29359998;8.19152348072;3
19;13;7895.03248512;8.39247089407;4
19;13;8618.26207395;8.77719555222;5
19;13;9641.39280903;9.31508814679;6
19;13;10946.928037;9.95245710541;7
19;13;12502.5595329;10.6608355702;8
19;13;14272.7555737;11.3865832173;9
19;13;16220.9227657;12.1582972648;10
19;14;8516.00898504;8.99661686818;0
19;14;8560.98238291;9.02162207566;1
19;14;8715.6849904;9.10512783389;2
19;14;9009.62881848;9.27442280085;3
19;14;9484.24563349;9.53383433214;4
19;14;10174.4162892;9.89589746857;5
19;14;11079.7498739;10.3453818726;6
19;14;12178.4937197;10.834851314;7
19;14;13439.6433071;11.3458706801;8
19;14;14829.2994231;11.8897141528;9
19;14;16318.286585;12.4346896777;10
19;15;11208.5637884;10.1337046147;0
19;15;11256.2461421;10.1602545855;1
19;15;11412.3833804;10.2434460459;2
19;15;11691.9894189;10.3872260832;3
19;15;12114.7482074;10.5970684942;4
19;15;12695.7402966;10.8692837842;5
19;15;13427.3269036;11.1988442077;6
19;15;14289.0232323;11.5629286582;7
19;15;15254.65498;11.9570681927;8
19;15;16295.689062;12.3608316371;9
19;15;17390.0348306;12.7677951871;10
19;16;14354.6149712;11.1600290809;0
19;16;14395.310721;11.1799501016;1
19;16;14525.718637;11.242106949;2
19;16;14752.7659916;11.3527974992;3
19;16;15084.4839945;11.5105257869;4
19;16;15525.8220766;11.720244163;5
19;16;16067.6477648;11.96955065;6
19;16;16693.4102568;12.2439116462;7
19;16;17383.192913;12.5231138353;8
19;16;18115.3228274;12.8040346877;9
19;16;18874.1442839;13.0745639862;10
19;17;17569.4142288;12.1219879417;0
19;17;17598.4285693;12.1371450549;1
19;17;17690.2830985;12.1851291628;2
19;17;17847.6028883;12.2668730037;3
19;17;18072.6673722;12.3804277494;4
19;17;18365.891763;12.519764415;5
19;17;18719.7379766;12.6771078112;6
19;17;19122.7725051;12.8444835016;7
19;17;19561.7477927;13.0137352486;8
19;17;20022.2651139;13.1805659325;9
19;17;20494.4196273;13.3387658377;10
19;18;20711.8360503;13.0407204678;0
19;18;20726.9350237;13.0483143471;1
19;18;20774.3634471;13.0719603675;2
19;18;20854.7186191;13.1116381596;3
19;18;20968.0416166;13.1657461657;4
19;18;21113.5140104;13.2318047432;5
19;18;21286.8717654;13.3062207599;6
19;18;21482.2866972;13.3852930514;7
19;18;21693.1811856;13.4652166252;8
19;18;21912.4120951;13.5428345064;9
19;18;22135.2426364;13.6162218142;10
20;10;31111.7250498;16.2760380532;0
20;10;30699.2296209;16.2228438438;1
20;10;29563.9241117;16.0599175135;2
20;10;28019.6185264;15.7926420354;3
20;10;26552.6706185;15.4551823749;4
20;10;25630.2872831;15.0572691934;5
20;10;25519.0425799;14.5973011232;6
20;10;26325.0679997;14.1134504841;7
20;10;28085.7290312;13.8166205226;8
20;10;30833.9419994;14.1049780968;9
20;10;34515.0806958;14.8704187736;10
20;11;14394.097501;10.5301250384;0
20;11;14220.0530254;10.4889631891;1
20;11;13767.9497201;10.3628902739;2
20;11;13225.3980908;10.1552109063;3
20;11;12878.3378041;9.89184403915;4
20;11;12998.3991589;9.57959595404;5
20;11;13723.810335;9.26530003088;6
20;11;15090.3261645;9.16314231673;7
20;11;17088.7153153;9.68727123413;8
20;11;19703.5276245;10.7863614785;9
20;11;22880.0758434;12.2180948194;10
20;12;7702.56405909;7.91111501019;0
20;12;7657.70234206;7.87953397738;1
20;12;7571.32583656;7.78976919176;2
20;12;7553.64401769;7.67277402976;3
20;12;7768.81095606;7.5864913606;4
20;12;8370.31333875;7.67241653427;5
20;12;9422.63383219;8.1239888622;6
20;12;10924.8766715;8.90485387912;7
20;12;12846.655808;9.85953890958;8
20;12;15151.1179126;10.9049842996;9
20;12;17788.7187554;12.0295631629;10
20;13;6563.53531832;7.80302344681;0
20;13;6582.52043241;7.80977457115;1
20;13;6672.86299504;7.85918024049;2
20;13;6898.23962103;7.97655450545;3
20;13;7350.50717953;8.22205686051;4
20;13;8113.58926219;8.65147219685;5
20;13;9211.65898675;9.2566411122;6
20;13;10627.0599587;9.96302213684;7
20;13;12322.6992393;10.7150099489;8
20;13;14255.5448806;11.4949498138;9
20;13;16383.3390656;12.2998714194;10
20;14;8216.57336906;8.7921828838;0
20;14;8262.31385171;8.82024038856;1
20;14;8422.74546669;8.92364798205;2
20;14;8733.91091893;9.11405747916;3
20;14;9245.47537251;9.40977196993;4
20;14;10001.2342684;9.82986901277;5
20;14;11004.6743155;10.3283337799;6
20;14;12232.4453106;10.8734359123;7
20;14;13648.3269162;11.4581302174;8
20;14;15211.0208701;12.0746880637;9
20;14;16885.9845584;12.7062940364;10
20;15;11097.962636;9.96838473631;0
20;15;11150.3229554;9.99949207079;1
20;15;11323.4932432;10.0969635369;2
20;15;11637.2389787;10.2640354415;3
20;15;12116.9812291;10.5080825747;4
20;15;12783.8470763;10.8406157476;5
20;15;13631.80129;11.237993784;6
20;15;14637.6282361;11.6923561733;7
20;15;15769.5979874;12.1718229371;8
20;15;16991.8581592;12.6398858383;9
20;15;18277.1853051;13.0926941584;10
20;16;14394.6672382;11.0225631453;0
20;16;14443.1610811;11.0487818123;1
20;16;14599.6204881;11.1304395132;2
20;16;14874.3048933;11.2698797948;3
20;16;15278.9910743;11.4857163307;4
20;16;15822.3868383;11.7678397805;5
20;16;16495.1489986;12.085514965;6
20;16;17277.0917574;12.4291999497;7
20;16;18142.4717515;12.7772589624;8
20;16;19062.3603986;13.1203731108;9
20;16;20016.1561364;13.4451549018;10
20;17;17732.098981;12.0375201432;0
20;17;17771.4512108;12.0596439155;1
20;17;17896.6982785;12.1292524153;2
20;17;18112.6420187;12.2459906209;3
20;17;18423.6863034;12.4064916614;4
20;17;18832.1421549;12.6053358522;5
20;17;19328.783955;12.8279808175;6
20;17;19897.8072133;13.0631305911;7
20;17;20519.9169738;13.3052522582;8
20;17;21173.5106252;13.5421423096;9
20;17;21843.8896598;13.7661206357;10
20;18;20977.1786141;12.9861354718;0
20;18;21004.7415849;13.0003012538;1
20;18;21091.7078668;13.0449248245;2
20;18;21239.8843164;13.1195375011;3
20;18;21450.0793731;13.2210001168;4
20;18;21721.8112297;13.3465139486;5
20;18;22047.8920447;13.4879870905;6
20;18;22417.5065432;13.6372344625;7
20;18;22817.8449728;13.7870363638;8
20;18;23234.603667;13.9324413803;9
20;18;23658.3795624;14.0724757902;10
20;19;24120.1512069;13.8465853927;0
20;19;24134.4566679;13.8537870841;1
20;19;24179.3171075;13.8763257618;2
20;19;24255.104369;13.9131752388;3
20;19;24361.410425;13.9627239556;4
20;19;24497.2214548;14.0226381196;5
20;19;24658.5428926;14.0895507982;6
20;19;24839.8540248;14.1607758747;7
20;19;25034.7627193;14.2324077404;8
20;19;25236.1459952;14.3013916141;9
20;19;25439.4479157;14.3653606484;10
21;10;29718.1311903;15.6830322843;0
21;10;29278.2429445;15.6280153371;1
21;10;28067.1041274;15.4552171944;2
21;10;26417.4984679;15.1593420465;3
21;10;24841.3653127;14.7920365755;4
21;10;23834.9942228;14.3657889239;5
21;10;23685.1135793;13.8685473683;6
21;10;24504.4610263;13.3158879232;7
21;10;26327.6644495;13.0574287431;8
21;10;29179.6129047;13.4646965642;9
21;10;32998.7388324;14.335059443;10
21;11;13450.8529773;10.1927984112;0
21;11;13258.742704;10.1498138241;1
21;11;12757.764982;10.0148071181;2
21;11;12150.2610135;9.78245784627;3
21;11;11741.7987049;9.48495770436;4
21;11;11826.2510241;9.14366387737;5
21;11;12556.5770721;8.83022585519;6
21;11;13972.4350318;8.80175361351;7
21;11;16061.0455677;9.44988041665;8
21;11;18799.1214399;10.6119249844;9
21;11;22125.5929065;12.0745551598;10
21;12;7117.91205511;7.73371310729;0
21;12;7062.41121771;7.70030933665;1
21;12;6948.62642416;7.60404358641;2
21;12;6898.11931684;7.47099932031;3
21;12;7089.93182396;7.36477242981;4
21;12;7694.34692579;7.4838308068;5
21;12;8786.25980535;8.02584461416;6
21;12;10366.5259307;8.89119672235;7
21;12;12400.5659651;9.90161149393;8
21;12;14843.840944;10.9814095201;9
21;12;17640.8691369;12.0718758502;10
21;13;6261.16941407;7.67421109251;0
21;13;6275.3617311;7.68286394037;1
21;13;6355.19426594;7.74009428773;2
21;13;6573.03620309;7.85705879766;3
21;13;7031.90061316;8.12851310876;4
21;13;7828.21996252;8.59210492631;5
21;13;8993.18041238;9.25180533274;6
21;13;10509.1826417;10.0143873721;7
21;13;12334.4324518;10.8070295541;8
21;13;14418.3314751;11.6461475671;9
21;13;16713.0346943;12.5328526749;10
21;14;8135.72524152;8.70574202994;0
21;14;8181.2607001;8.73871300807;1
21;14;8344.44282348;8.85878783106;2
21;14;8667.91982588;9.06634951935;3
21;14;9209.58473814;9.38725207682;4
21;14;10022.3774191;9.82752190316;5
21;14;11114.1299598;10.3650937874;6
21;14;12460.219776;10.9736579594;7
21;14;14019.3266511;11.6510704747;8
21;14;15742.6794546;12.3437486361;9
21;14;17590.4232634;13.0057662965;10
21;15;11191.7200049;9.91352627425;0
21;15;11247.4914903;9.94884756799;1
21;15;11433.8645515;10.0583319625;2
21;15;11775.5651072;10.2418064492;3
21;15;12303.9339096;10.5261024043;4
21;15;13046.5905146;10.8936942904;5
21;15;13999.742361;11.3544242397;6
21;15;15137.8535269;11.8802097514;7
21;15;16423.7800042;12.4128831795;8
21;15;17814.2702802;12.9428183853;9
21;15;19277.0052741;13.4526069218;10
21;16;14627.7260597;11.0069643607;0
21;16;14682.5160897;11.0366222789;1
21;16;14860.5171581;11.1332792401;2
21;16;15175.6366909;11.3138248675;3
21;16;15643.729667;11.5746025892;4
21;16;16277.8806293;11.8923887791;5
21;16;17069.311501;12.2493201053;6
21;16;17994.6801696;12.6445981049;7
21;16;19022.5785188;13.053326013;8
21;16;20116.7376684;13.451336925;9
21;16;21251.6332869;13.8339522092;10
21;17;18078.5497416;12.0722567456;0
21;17;18126.546577;12.1001524557;1
21;17;18280.1231944;12.1888390156;2
21;17;18546.6610821;12.3379645152;3
21;17;18933.143339;12.53697633;4
21;17;19444.5355031;12.7762116484;5
21;17;20070.8115266;13.0415684534;6
21;17;20792.3300748;13.3257299666;7
21;17;21583.9273908;13.6250813781;8
21;17;22416.708453;13.9201554873;9
21;17;23271.1926975;14.1966370899;10
21;18;21418.5517624;13.0447248271;0
21;18;21456.7252414;13.0666103601;1
21;18;21577.7033338;13.1346371111;2
21;18;21784.9782253;13.2441481867;3
21;18;22080.6827642;13.3887077803;4
21;18;22465.5479584;13.5601935706;5
21;18;22930.44242;13.7508044997;6
21;18;23460.1443461;13.9498200112;7
21;18;24035.8043714;14.1503471911;8
21;18;24635.8665069;14.3510628716;9
21;18;25246.2634263;14.5449384807;10
21;19;24643.7384809;13.9255271687;0
21;19;24670.3571565;13.9398706803;1
21;19;24754.1509231;13.9844022989;2
21;19;24896.4023613;14.0552598305;3
21;19;25096.9410302;14.1483145754;4
21;19;25354.7172394;14.2584224388;5
21;19;25662.8028005;14.3791032588;6
21;19;26010.7770585;14.5057790374;7
21;19;26386.0603242;14.6308621278;8
21;19;26774.3120157;14.7495194205;9
21;19;27166.4139555;14.8589576552;10
21;20;27800.7727649;14.7476429184;0
21;20;27814.6140367;14.7545195356;1
21;20;27857.9640724;14.7759624845;2
21;20;27931.0384688;14.8100530495;3
21;20;28033.099467;14.855121977;4
21;20;28162.9905922;14.908543423;5
21;20;28316.8896994;14.9670443775;6
21;20;28489.4540435;15.0275535928;7
21;20;28674.3632987;15.0869136641;8
21;20;28864.4310232;15.1434191618;9
21;20;29055.1865351;15.1944775534;10
22;10;28579.6496116;15.2745176591;0
22;10;28113.2049393;15.2177869471;1
22;10;26828.5345129;15.0338179744;2
22;10;25076.7582778;14.7126842486;3
22;10;23394.4066391;14.2849462819;4
22;10;22305.9032318;13.8033096369;5
22;10;22117.5918417;13.2724821718;6
22;10;22948.600782;12.682361813;7
22;10;24830.7411699;12.472436766;8
22;10;27780.8013919;12.9698430582;9
22;10;31730.3811393;13.8802416543;10
22;11;12735.7964421;10.0233566373;0
22;11;12525.8991423;9.97865828544;1
22;11;11976.7369555;9.83370840571;2
22;11;11304.9979429;9.57948982379;3
22;11;10835.2436394;9.2381205649;4
22;11;10883.0500215;8.82613391981;5
22;11;11615.8924345;8.51246496202;6
22;11;13077.2785161;8.57576197378;7
22;11;15250.8502118;9.33118765254;8
22;11;18105.398434;10.5620909303;9
22;11;21573.5461378;12.0042592672;10
22;12;6740.00946044;7.68163321872;0
22;12;6673.70426746;7.64651568327;1
22;12;6531.91777778;7.54286941473;2
22;12;6447.38195008;7.39589086892;3
22;12;6613.6753645;7.27756331348;4
22;12;7217.66324742;7.38898412416;5
22;12;8344.6967989;7.97604654164;6
22;12;9997.45748903;8.91030191093;7
22;12;12137.1805561;9.98024365932;8
22;12;14711.5475753;11.0702453542;9
22;12;17659.1879016;12.2486586007;10
22;13;6148.676346;7.67144101981;0
22;13;6157.56110628;7.68177268792;1
22;13;6225.27993685;7.74471517162;2
22;13;6432.87174591;7.86683535466;3
22;13;6894.37769819;8.16063981764;4
22;13;7718.78141253;8.64920791655;5
22;13;8944.52883274;9.31617957326;6
22;13;10554.2537663;10.0935484011;7
22;13;12501.4989867;10.9558896311;8
22;13;14727.9987549;11.8717072138;9
22;13;17180.3484967;12.7946782485;10
22;14;8231.50643247;8.73145699604;0
22;14;8276.04782568;8.77290990413;1
22;14;8439.5839952;8.90109336814;2
22;14;8771.47059417;9.12539583784;3
22;14;9337.87548438;9.47472349474;4
22;14;10201.1263655;9.93366145536;5
22;14;11373.8069368;10.4866387038;6
22;14;12830.2777705;11.1451100539;7
22;14;14524.1808338;11.8858756371;8
22;14;16399.1655837;12.626861012;9
22;14;18410.0759964;13.3441405744;10
22;15;11451.6678417;9.97003524243;0
22;15;11509.8452566;10.0071563473;1
22;15;11706.3997366;10.1255578854;2
22;15;12071.2179206;10.3411170172;3
22;15;12641.7452052;10.6561835175;4
22;15;13452.495591;11.0751818488;5
22;15;14502.4511233;11.5800441217;6
22;15;15764.0737788;12.1122068416;7
22;15;17194.8863172;12.6779315051;8
22;15;18744.1271439;13.2548248176;9
22;15;20374.379799;13.8132075004;10
22;16;15018.6471631;11.0993224908;0
22;16;15078.5556616;11.1368494895;1
22;16;15274.5784936;11.2607674329;2
22;16;15624.5498224;11.4803754128;3
22;16;16148.697882;11.7777850044;4
22;16;16865.0124112;12.1353208918;5
22;16;17765.9126744;12.5318524881;6
22;16;18825.2684128;12.9482804122;7
22;16;20006.1025922;13.3733015371;8
22;16;21264.6915635;13.8112301082;9
22;16;22570.5761463;14.2398598849;10
22;17;18576.0836073;12.2174480394;0
22;17;18631.4069288;12.2522535402;1
22;17;18809.3873818;12.3600510403;2
22;17;19120.328725;12.5368009865;3
22;17;19574.1779542;12.7762523142;4
22;17;20179.1865473;13.0609888596;5
22;17;20925.2418974;13.3703537419;6
22;17;21789.2746794;13.6952781053;7
22;17;22740.3603698;14.0199153308;8
22;17;23742.194203;14.3364766279;9
22;17;24770.4930665;14.6492036374;10
22;18;22005.3330477;13.2137241714;0
22;18;22052.6813832;13.2418706248;1
22;18;22203.4058559;13.3285721069;2
22;18;22463.0800651;13.4683403811;3
22;18;22835.6209576;13.6539203113;4
22;18;23323.6899733;13.8705699149;5
22;18;23916.9943895;14.1050536886;6
22;18;24596.3487886;14.3473062706;7
22;18;25336.9824383;14.5885379613;8
22;18;26109.9672971;14.8183355827;9
22;18;26896.5442406;15.032901597;10
22;19;25307.8186917;14.1217489983;0
22;19;25345.2131334;14.1418272556;1
22;19;25463.3805621;14.205971515;2
22;19;25664.9566897;14.3077203856;3
22;19;25950.5333275;14.4412869961;4
22;19;26319.8171853;14.5977479468;5
22;19;26763.7878557;14.766754229;6
22;19;27267.5971544;14.9390254332;7
22;19;27812.6049264;15.1070552863;8
22;19;28377.1311819;15.2674384125;9
22;19;28947.4618693;15.4120234078;10
22;20;28534.2232281;14.9774502087;0
22;20;28560.2769677;14.991392865;1
22;20;28642.1533199;15.0332614261;2
22;20;28780.7674311;15.0999370764;3
22;20;28975.2267607;15.1865613746;4
22;20;29224.0776248;15.28744746;5
22;20;29520.5702576;15.3963888061;6
22;20;29854.5180544;15.5074265336;7
22;20;30213.4153922;15.6144345992;8
22;20;30582.765718;15.7122141982;9
22;20;30953.58856;15.7996299635;10
22;21;31738.5968304;15.8054482717;0
22;21;31752.1377423;15.8122047868;1
22;21;31794.5038042;15.8321857525;2
22;21;31865.7902326;15.8637604476;3
22;21;31964.994312;15.9050329424;4
22;21;32090.8446147;15.9532166011;5
22;21;32239.6410673;16.0053037836;6
22;21;32406.1548505;16.0584068581;7
22;21;32584.0852423;16.1095571862;8
22;21;32766.1492206;16.1562500812;9
22;21;32947.9165934;16.1965198551;10
23;10;27662.8952449;15.0282369869;0
23;10;27170.8287334;14.9698983898;1
23;10;25815.202721;14.7761673182;2
23;10;23964.7783501;14.4334062578;3
23;10;22179.6326642;13.963972953;4
23;10;21011.2814685;13.3918056217;5
23;10;20785.0589824;12.7855051978;6
23;10;21626.2475105;12.1836383389;7
23;10;23563.8014368;12.0393347103;8
23;10;26606.4213632;12.5711178382;9
23;10;30679.0263765;13.5483396999;10
23;11;12216.3071129;9.97592595364;0
23;11;11989.0155835;9.92961971658;1
23;11;11392.6789604;9.77584575969;2
23;11;10657.8836141;9.50153168408;3
23;11;10127.486108;9.12139135024;4
23;11;10138.1208466;8.65377919269;5
23;11;10871.4694847;8.29307477665;6
23;11;12374.8094378;8.42371752869;7
23;11;14628.2110426;9.30417423291;8
23;11;17592.5452007;10.5924259158;9
23;11;21194.2472455;12.0023891519;10
23;12;6536.84405881;7.73087362107;0
23;12;6459.69590451;7.69414820046;1
23;12;6289.67081729;7.58391195515;2
23;12;6170.41877539;7.42167430228;3
23;12;6309.63177119;7.28644994568;4
23;12;6910.42906748;7.43185987579;5
23;12;8068.55879475;8.02792274708;6
23;12;9788.57376114;8.99302533814;7
23;12;12027.5683733;10.0862109543;8
23;12;14725.4377864;11.2361923067;9
23;12;17815.0162733;12.4623912876;10
23;13;6194.52296467;7.74883882225;0
23;13;6197.72195976;7.76311102994;1
23;13;6252.10859424;7.8292478568;2
23;13;6447.29369463;7.95779588967;3
23;13;6908.14004552;8.26967217234;4
23;13;7756.10325713;8.78515316475;5
23;13;9037.02743873;9.4704793726;6
23;13;10733.923273;10.2346637254;7
23;13;12795.7446066;11.1422543396;8
23;13;15156.5444435;12.1359337604;9
23;13;17757.432137;13.0982917753;10
23;14;8472.75972957;8.8429577477;0
23;14;8515.66235325;8.88786209616;1
23;14;8677.56379569;9.02470152524;2
23;14;9014.55057732;9.26551546397;3
23;14;9601.02901841;9.63638499182;4
23;14;10508.8309339;10.1190444439;5
23;14;11755.5849738;10.7123790836;6
23;14;13314.855839;11.4098365359;7
23;14;15135.3449369;12.1452359759;8
23;14;17153.1029922;12.9165956267;9
23;14;19317.7303967;13.6767962687;10
23;15;11846.9452564;10.1114423043;0
23;15;11906.6738385;10.1520760509;1
23;15;12110.8138103;10.2848170567;2
23;15;12494.5315185;10.5267617462;3
23;15;13101.4747099;10.8707143139;4
23;15;13973.3221507;11.3407757665;5
23;15;15112.2459786;11.8681971419;6
23;15;16488.9879124;12.4347798717;7
23;15;18055.8529866;12.9995901025;8
23;15;19754.5459221;13.5860858535;9
23;15;21542.5978098;14.1852369106;10
23;16;15536.8060665;11.2903499875;0
23;16;15600.8106853;11.337130964;1
23;16;15811.7749625;11.4836247244;2
23;16;16191.6550239;11.7272988654;3
23;16;16765.257033;12.0563854301;4
23;16;17555.8691452;12.4465434935;5
23;16;18557.6208982;12.8745934556;6
23;16;19741.9242938;13.3297884734;7
23;16;21066.363448;13.7801903215;8
23;16;22479.7329229;14.2158843697;9
23;16;23946.6735777;14.6579804414;10
23;17;19194.2685333;12.4367167441;0
23;17;19255.7595773;12.4776657693;1
23;17;19454.6692508;12.6056772737;2
23;17;19804.4808663;12.8155883886;3
23;17;20318.3970639;13.0878104894;4
23;17;21008.4485225;13.4059781704;5
23;17;21865.02833;13.7555516424;6
23;17;22862.0091088;14.1164281538;7
23;17;23962.8474895;14.4713736089;8
23;17;25123.799161;14.8072174547;9
23;17;26315.8051768;15.1208651871;10
23;18;22707.2515177;13.4623273421;0
23;18;22762.5017502;13.4962745473;1
23;18;22939.1679156;13.6014041538;2
23;18;23245.2142598;13.7684043361;3
23;18;23686.7064654;13.9859688027;4
23;18;24268.8134117;14.2398738464;5
23;18;24980.7396967;14.5168364488;6
23;18;25799.7393177;14.7974061338;7
23;18;26695.2720187;15.0759658902;8
23;18;27631.0055749;15.3341097336;9
23;18;28583.5089367;15.5659139449;10
23;19;26082.2604123;14.402195432;0
23;19;26129.0587533;14.4284379953;1
23;19;26277.5092743;14.5093968702;2
23;19;26531.955046;14.6379404349;3
23;19;26894.1779007;14.8071355308;4
23;19;27365.2904898;15.002309835;5
23;19;27934.8963546;15.212224191;6
23;19;28584.151472;15.427465317;7
23;19;29288.5156584;15.6332824051;8
23;19;30018.9353691;15.8292363882;9
23;19;30757.1146242;15.9991231309;10
23;20;29373.7493747;15.2942618795;0
23;20;29410.5549531;15.3145436205;1
23;20;29526.610493;15.374127446;2
23;20;29723.9252975;15.4672789352;3
23;20;30001.9364695;15.5874849397;4
23;20;30359.6077509;15.7264730445;5
23;20;30788.0295356;15.8752149011;6
23;20;31272.6287717;16.0265944724;7
23;20;31794.8826883;16.1737827854;8
23;20;32332.9486643;16.3074580702;9
23;20;32873.3450654;16.4279428671;10
23;21;32638.3031915;16.136809842;0
23;21;32663.8423124;16.1486988275;1
23;21;32743.9900806;16.1843428869;2
23;21;32879.3688731;16.24231113;3
23;21;33068.5100708;16.3183660102;4
23;21;33309.6456426;16.4065481961;5
23;21;33596.1909452;16.5010282254;6
23;21;33918.1695366;16.5966788968;7
23;21;34263.1552532;16.688006006;8
23;21;34616.5444199;16.772571664;9
23;21;34969.4803626;16.8439103781;10
23;22;35901.4420392;16.9413231361;0
23;22;35914.6121038;16.9468735414;1
23;22;35955.7809508;16.9635136741;2
23;22;36024.9426428;16.9898270123;3
23;22;36120.8832909;17.0247078143;4
23;22;36242.2469083;17.0660020715;5
23;22;36385.4675239;17.1103448766;6
23;22;36545.4579321;17.1553935062;7
23;22;36715.990872;17.1990211247;8
23;22;36889.7695864;17.23785289;9
23;22;37062.4378088;17.2702324475;10
24;10;26951.5514844;14.9054456257;0
24;10;26435.4075771;14.8451229396;1
24;10;25013.0933656;14.6464993246;2
24;10;23069.9067086;14.2821618508;3
24;10;21187.9039849;13.7697399826;4
24;10;19944.0172864;13.1368474722;5
24;10;19681.4805629;12.4184175684;6
24;10;20531.3494258;11.7867313804;7
24;10;22519.7787587;11.7197891219;8
24;10;25647.6439151;12.2933127589;9
24;10;29833.5130761;13.2749027533;10
24;11;11868.9761999;10.0187650489;0
24;11;11625.1462106;9.96963214575;1
24;11;10983.9119897;9.81096564542;2
24;11;10188.9670265;9.5195037782;3
24;11;9600.33518383;9.10107023431;4
24;11;9574.53845249;8.57555006558;5
24;11;10306.7745376;8.18408284086;6
24;11;11847.9095132;8.35169006547;7
24;11;14174.5591769;9.32411018831;8
24;11;17239.9229131;10.6379053974;9
24;11;20964.5368677;12.1122323133;10
24;12;6479.35987988;7.84236013732;0
24;12;6391.67617443;7.80213714511;1
24;12;6194.10434561;7.68837107059;2
24;12;6040.67065943;7.51770557049;3
24;12;6152.40280438;7.37020232165;4
24;12;6747.9053784;7.53533265824;5
24;12;7932.95203924;8.17965946202;6
24;12;9713.94471851;9.11861238612;7
24;12;12044.0017066;10.2102186114;8
24;12;14855.46905;11.4361455446;9
24;12;18075.6415172;12.6816549752;10
24;13;6365.2078065;7.87894768466;0
24;13;6362.5967749;7.89397009433;1
24;13;6403.09536191;7.96495738158;2
24;13;6584.54095583;8.11106665929;3
24;13;7042.11577711;8.43695649923;4
24;13;7909.29529383;8.98264502349;5
24;13;9239.20138254;9.66149219766;6
24;13;11015.3244773;10.4527919785;7
24;13;13182.2317199;11.3837483939;8
24;13;15666.5233664;12.3936553081;9
24;13;18404.0524105;13.3936819259;10
24;14;8822.49516669;8.99459493805;0
24;14;8863.29601453;9.03937609783;1
24;14;9022.0277678;9.18857490375;2
24;14;9361.3165587;9.44979381695;3
24;14;9963.52119988;9.83808462875;4
24;14;10909.7739074;10.3570232195;5
24;14;12222.8248546;11.0015237846;6
24;14;13875.6439094;11.7188085949;7
24;14;15812.2235739;12.4460586357;8
24;14;17961.2374419;13.2068218269;9
24;14;20267.2517371;13.9997759609;10
24;15;12337.8125636;10.2851098988;0
24;15;12398.3623;10.3293464358;1
24;15;12607.7810435;10.4856104101;2
24;15;13006.4450592;10.7481615645;3
24;15;13644.0889058;11.1428108965;4
24;15;14569.5482115;11.6449208536;5
24;15;15788.4170351;12.2060859012;6
24;15;17269.99525;12.7839836859;7
24;15;18961.6250194;13.3808663168;8
24;15;20797.6935367;13.9500799473;9
24;15;22730.8728609;14.5512124614;10
24;16;16140.2693395;11.5172270153;0
24;16;16207.4270461;11.5676153929;1
24;16;16430.4103345;11.730748312;2
24;16;16835.3244106;12.0036400141;3
24;16;17451.5737971;12.364026161;4
24;16;18307.8933811;12.7918860336;5
24;16;19400.4786677;13.2543764452;6
24;16;20698.6240604;13.736832921;7
24;16;22154.7481887;14.2114150038;8
24;16;23710.3756388;14.6708547018;9
24;16;25325.427963;15.0898478166;10
24;17;19889.3853723;12.684484256;0
24;17;19955.9277074;12.7296993757;1
24;17;20172.3429741;12.8748179294;2
24;17;20555.400038;13.1097921784;3
24;17;21121.6882927;13.4173264032;4
24;17;21887.2930955;13.7728773375;5
24;17;22843.5697499;14.1519909592;6
24;17;23961.7232147;14.5454177359;7
24;17;25199.8797042;14.9283229292;8
24;17;26507.0636385;15.2897806957;9
24;17;27849.6105011;15.6194954705;10
24;18;23479.0931699;13.7499041301;0
24;18;23540.9837128;13.7860293551;1
24;18;23739.7483856;13.9031573381;2
24;18;24085.914114;14.0954164446;3
24;18;24587.9190772;14.3455628388;4
24;18;25253.8215208;14.6337146882;5
24;18;26072.8642882;14.9421752244;6
24;18;27019.1732439;15.2584769199;7
24;18;28056.7396498;15.5684958147;8
24;18;29142.032415;15.8515320256;9
24;18;30247.1101308;16.1096727192;10
24;19;26920.554917;14.7320703058;0
24;19;26975.3698489;14.7609361361;1
24;19;27149.8968898;14.8539692625;2
24;19;27450.4156951;15.0064649879;3
24;19;27880.2021264;15.2053959594;4
24;19;28442.2489018;15.4345921995;5
24;19;29125.3975396;15.6796559382;6
24;19;29907.2770625;15.9282970273;7
24;19;30757.7592233;16.1674841277;8
24;19;31640.6196758;16.3890234164;9
24;19;32533.134545;16.5777959684;10
24;20;30271.6805578;15.6562231724;0
24;20;30317.7378403;15.6773831766;1
24;20;30463.4398814;15.7411962616;2
24;20;30712.1706938;15.8480670575;3
24;20;31064.0730476;15.9938555604;4
24;20;31519.0849778;16.1673399055;5
24;20;32066.8166713;16.3554592657;6
24;20;32688.8102084;16.5443115491;7
24;20;33360.847439;16.7222549226;8
24;20;34053.940126;16.8847606153;9
24;20;34750.2527463;17.0259414161;10
24;21;33591.3773375;16.5199764617;0
24;21;33627.3102081;16.5346981207;1
24;21;33740.4054552;16.5795051416;2
24;21;33932.1406286;16.652384571;3
24;21;34201.0238186;16.7517079721;4
24;21;34545.4237647;16.8708885432;5
24;21;34956.6115493;17.0018721078;6
24;21;35420.3949185;17.1364557363;7
24;21;35918.5530996;17.263135142;8
24;21;36429.36009;17.3749024502;9
24;21;36939.6737557;17.4703290054;10
24;22;36906.3624068;17.3418350211;0
24;22;36930.9999891;17.3505108472;1
24;22;37008.2199428;17.3774431794;2
24;22;37138.3830265;17.4207116446;3
24;22;37319.5666847;17.4771962528;4
24;22;37549.7642501;17.5490101986;5
24;22;37822.6411112;17.6294108835;6
24;22;38128.5830918;17.7100697251;7
24;22;38455.4750252;17.7864876457;8
24;22;38788.9197225;17.8553907672;9
24;22;39120.3397952;17.9129256466;10
24;23;40187.2841243;18.1298450045;0
24;23;40199.7590705;18.1339429846;1
24;23;40238.7220568;18.1463955465;2
24;23;40304.0814819;18.1662844442;3
24;23;40394.4856464;18.1919533565;4
24;23;40508.5450691;18.2232456746;5
24;23;40642.9053183;18.2568281791;6
24;23;40792.7474885;18.2918992668;7
24;23;40952.0961412;18.3253601853;8
24;23;41113.8713876;18.3549891082;9
24;23;41273.9124691;18.3804041023;10
25;10;26429.7972974;14.8966685512;0
25;10;25892.1023587;14.8277915918;1
25;10;24410.0899005;14.6080504242;2
25;10;22383.82789;14.2308973575;3
25;10;20414.9325535;13.6846837273;4
25;10;19103.0526453;12.9849860839;5
25;10;18807.4850322;12.1849389358;6
25;10;19664.4454071;11.4999087796;7
25;10;21697.4948808;11.526224793;8
25;10;24900.3323972;12.1276149144;9
25;10;29185.7857267;13.0885622176;10
25;11;11665.9159888;10.1145548706;0
25;11;11407.1353214;10.0592413857;1
25;11;10725.2805688;9.87861475561;2
25;11;9875.8127092;9.5733296551;3
25;11;9234.10250611;9.13467818708;4
25;11;9174.54822404;8.57741350078;5
25;11;9904.57256451;8.16511709454;6
25;11;11478.2890194;8.35901669938;7
25;11;13869.1461259;9.37361132173;8
25;11;17023.3014502;10.7202756686;9
25;11;20855.9462084;12.2562081453;10
25;12;6530.06106398;7.97958344971;0
25;12;6432.68223919;7.93506993753;1
25;12;6209.68058799;7.80037352529;2
25;12;6024.45901734;7.62185074965;3
25;12;6110.03753998;7.48351648673;4
25;12;6699.04284816;7.66784240294;5
25;12;7906.41763595;8.34505781436;6
25;12;9740.28828631;9.28947205624;7
25;12;12150.1491873;10.3607351882;8
25;12;15061.4117363;11.6352666444;9
25;12;18396.3406753;12.9296405537;10
25;13;6615.67142453;8.02693837871;0
25;13;6607.50247969;8.0422807519;1
25;13;6634.52945836;8.10308198286;2
25;13;6802.08430032;8.25734160732;3
25;13;7254.70080847;8.60780789177;4
25;13;8136.84251284;9.18598519996;5
25;13;9508.39465693;9.88447379696;6
25;13;11353.3732382;10.7087192724;7
25;13;13612.3620249;11.6345603704;8
25;13;16205.1109883;12.6270817926;9
25;13;19062.6909888;13.6673055177;10
25;14;9229.71793892;9.16781203387;0
25;14;9268.20745457;9.2114255665;1
25;14;9422.85154362;9.35554258158;2
25;14;9762.29396168;9.6232965399;3
25;14;10376.1728401;10.0429559163;4
25;14;11354.2275669;10.6003952451;5
25;14;12724.0838869;11.2853935303;6
25;14;14458.2964301;12.0192145985;7
25;14;16496.5922385;12.7713720215;8
25;14;18760.8608237;13.507615401;9
25;14;21191.0808052;14.3008515834;10
25;15;12868.5965703;10.4799243974;0
25;15;12929.3940056;10.5292971087;1
25;15;13142.1217293;10.6887086414;2
25;15;13552.0094805;10.9617426351;3
25;15;14214.4377298;11.4035039435;4
25;15;15184.9726044;11.94514695;5
25;15;16472.5957295;12.5289925641;6
25;15;18045.4501795;13.1397596591;7
25;15;19846.3903098;13.744374999;8
25;15;21803.0714142;14.3442550057;9
25;15;23863.7312801;14.9134949136;10
25;16;16769.6313394;11.7521507913;0
25;16;16839.0783575;11.8053752407;1
25;16;17071.2717193;11.9760043537;2
25;16;17496.2413386;12.2632818982;3
25;16;18147.7345069;12.6530077267;4
25;16;19059.719388;13.1168641163;5
25;16;20230.5919127;13.6166910054;6
25;16;21627.898063;14.120207823;7
25;16;23199.3912701;14.6179490262;8
25;16;24879.9058525;15.0895759172;9
25;16;26625.0514201;15.5261985717;10
25;17;20598.9902526;12.9733742205;0
25;17;20669.4837798;13.0173431063;1
25;17;20899.9126333;13.1547424701;2
25;17;21310.2143673;13.402618167;3
25;17;21920.2603802;13.7248058086;4
25;17;22750.1505611;14.1169675342;5
25;17;23792.474302;14.5369808981;6
25;17;25016.2065573;14.9582184886;7
25;17;26374.6639463;15.3609130842;8
25;17;27810.2145096;15.7403335279;9
25;17;29284.9813654;16.0879334679;10
25;18;24255.8707775;14.0754584234;0
25;18;24323.1037021;14.1115629849;1
25;18;24539.9030674;14.2295858002;2
25;18;24919.3316104;14.4239027295;3
25;18;25472.2215314;14.6919826685;4
25;18;26209.6253746;15.0112353481;5
25;18;27121.2111342;15.3597939185;6
25;18;28178.4715286;15.7093642269;7
25;18;29340.4673478;16.039028833;8
25;18;30557.0394901;16.3439528492;9
25;18;31796.1175388;16.6112939847;10
25;19;27755.5121299;15.1018809145;0
25;19;27816.8743798;15.1322113526;1
25;19;28012.918871;15.2234666864;2
25;19;28351.9129229;15.3704168798;3
25;19;28838.7573181;15.5719841808;4
25;19;29478.5554296;15.8251694459;5
25;19;30259.8732899;16.1062592201;6
25;19;31157.3576066;16.3881766919;7
25;19;32135.8449669;16.6547349499;8
25;19;33152.5075841;16.8935625794;9
25;19;34180.564773;17.1051324418;10
25;20;31158.8498018;16.0409106007;0
25;20;31212.5357465;16.0641825071;1
25;20;31382.8807636;16.1348444074;2
25;20;31674.7646073;16.2479894636;3
25;20;32089.2647561;16.3972403129;4
25;20;32627.636893;16.5819346346;5
25;20;33278.5869479;16.7957668457;6
25;20;34020.3613319;17.0177146875;7
25;20;34823.612774;17.2267425329;8
25;20;35652.7716472;17.4139172809;9
25;20;36486.0104099;17.5682614167;10
25;21;34526.8243558;16.9212897427;0
25;21;34571.3857518;16.9376487603;1
25;21;34712.0139876;16.9877384555;2
25;21;34951.2274986;17.0677664115;3
25;21;35287.8308798;17.1771532618;4
25;21;35720.7772663;17.3085454139;5
25;21;36239.8520909;17.4576151607;6
25;21;36827.2776881;17.6177069875;7
25;21;37459.6172888;17.7766544246;8
25;21;38108.5838892;17.9184879772;9
25;21;38757.1032468;18.0351297116;10
25;22;37887.2008958;17.7588969024;0
25;22;37921.4070895;17.7710549985;1
25;22;38028.8772641;17.8074436772;2
25;22;38210.5854018;17.8653386388;3
25;22;38464.3054034;17.9394327553;4
25;22;38787.9255819;18.0271919086;5
25;22;39173.079043;18.1240451108;6
25;22;39606.2937787;18.2237124853;7
25;22;40070.1569441;18.3269580825;8
25;22;40543.7295193;18.4216367559;9
25;22;41014.5583352;18.4999118136;10
25;23;41210.7097125;18.5563219211;0
25;23;41233.6352758;18.5636560773;1
25;23;41305.3978394;18.5856044275;2
25;23;41426.1177854;18.621659344;3
25;23;41593.5768942;18.6684981189;4
25;23;41805.6338437;18.7232499405;5
25;23;42056.3890575;18.7819453978;6
25;23;42336.9102089;18.8407293626;7
25;23;42635.8475463;18.8958733843;8
25;23;42939.597335;18.9451269816;9
25;23;43240.1758842;18.9877070852;10
25;24;44401.1567253;19.2931068529;0
25;24;44412.4155218;19.2963663695;1
25;24;44447.5510673;19.3061196564;2
25;24;44506.4076899;19.3215925666;3
25;24;44587.6030158;19.3415174885;4
25;24;44689.7925231;19.3649087908;5
25;24;44809.9611337;19.3904126952;6
25;24;44943.7612305;19.4170627003;7
25;24;45085.7482797;19.442679597;8
25;24;45229.4149155;19.4649022894;9
25;24;45370.9866303;19.4826291481;10
26;10;26072.7584086;14.9282488389;0
26;10;25517.0865258;14.8504909643;1
26;10;23985.2713042;14.6159944999;2
26;10;21889.6799003;14.2188813769;3
26;10;19848.1674843;13.66131256;4
26;10;18479.3097814;12.9240194317;5
26;10;18155.830777;12.0604004109;6
26;10;19018.2454149;11.3135103274;7
26;10;21087.8913265;11.3956940971;8
26;10;24352.3640511;12.0203424883;9
26;10;28719.6649438;12.9825592474;10
26;11;11569.8722659;10.2050899774;0
26;11;11298.520029;10.1422072348;1
26;11;10582.4862516;9.95125302919;2
26;11;9687.07209918;9.62432271803;3
26;11;9000.43707641;9.16972271997;4
26;11;8911.94237138;8.59253198165;5
26;11;9639.29473039;8.17476630602;6
26;11;11239.3405157;8.40640953673;7
26;11;13682.8351263;9.41812190314;8
26;11;16909.9429474;10.8144215714;9
26;11;20831.3526601;12.3891044507;10
26;12;6641.83582033;8.10407305059;0
26;12;6536.18947799;8.05320943685;1
26;12;6291.44926845;7.91200571683;2
26;12;6078.90029536;7.71730355543;3
26;12;6141.60407467;7.57916637962;4
26;12;6723.993833;7.806507236;5
26;12;7948.79362369;8.51693039606;6
26;12;9825.61546314;9.45486026149;7
26;12;12300.8866334;10.5252696647;8
26;12;15294.1131172;11.8200515457;9
26;12;18723.3150121;13.1386212575;10
26;13;6891.04208643;8.1605838799;0
26;13;6877.99379851;8.17309315191;1
26;13;6893.07542577;8.23209804052;2
26;13;7047.95976321;8.39359545813;3
26;13;7495.05947529;8.75144934063;4
26;13;8388.15989869;9.36305563018;5
26;13;9792.95750771;10.081765813;6
26;13;11693.9721011;10.9489057648;7
26;13;14028.4259515;11.8892252261;8
26;13;16710.2327056;12.8541537782;9
26;13;19666.4215925;13.895243492;10
26;14;9633.46687135;9.32647680475;0
26;14;9669.73583894;9.36531324956;1
26;14;9820.11957923;9.51196912714;2
26;14;10158.3931694;9.78920376514;3
26;14;10780.3765172;10.2216199755;4
26;14;11783.1809821;10.8174720107;5
26;14;13198.6975248;11.5400825571;6
26;14;14999.2141058;12.2910711012;7
26;14;17120.8652555;13.0476165668;8
26;14;19479.758378;13.8004362501;9
26;14;22011.9897715;14.5716809293;10
26;15;13373.5362604;10.6697103826;0
26;15;13434.2088721;10.717380955;1
26;15;13648.733746;10.8741622215;2
26;15;14066.5185601;11.1786864116;3
26;15;14747.787879;11.6337305512;4
26;15;15753.9428956;12.1969606068;5
26;15;17097.0118462;12.8186404849;6
26;15;18744.2638321;13.4496670339;7
26;15;20634.7786052;14.0749352137;8
26;15;22690.4720869;14.6772031835;9
26;15;24855.825315;15.233829051;10
26;16;17355.3017042;11.98426758;0
26;16;17426.2958819;12.031049816;1
26;16;17665.1191078;12.1976206885;2
26;16;18105.2186192;12.5004811704;3
26;16;18784.1185899;12.9082641075;4
26;16;19740.3960952;13.3892140761;5
26;16;20974.5214658;13.9194664577;6
26;16;22452.6821999;14.4546020228;7
26;16;24118.7118509;14.9655727788;8
26;16;25901.7394591;15.4493280591;9
26;16;27753.7180671;15.8993564197;10
26;17;21250.3757091;13.2525321817;0
26;17;21323.777397;13.2936986117;1
26;17;21564.769963;13.4294177292;2
26;17;21996.0891411;13.6673867465;3
26;17;22640.5144969;14.0112637044;4
26;17;23521.7567372;14.4116508717;5
26;17;24633.6882698;14.8537865982;6
26;17;25943.5311717;15.3106493962;7
26;17;27400.5639304;15.7417980598;8
26;17;28941.4770615;16.1371837696;9
26;17;30524.8186644;16.4865723099;10
26;18;24962.2674939;14.3932233292;0
26;18;25033.547897;14.4316272135;1
26;18;25264.2040686;14.5482942545;2
26;18;25669.578629;14.736862982;3
26;18;26262.6847294;15.0080955835;4
26;18;27057.3502094;15.3425578473;5
26;18;28043.8635977;15.7038385779;6
26;18;29191.6345813;16.0834133568;7
26;18;30455.5868262;16.4419167501;8
26;18;31779.906938;16.7593861841;9
26;18;33129.0177469;17.0401202755;10
26;19;28509.5551681;15.4381573169;0
26;19;28575.951682;15.4689479999;1
26;19;28788.7051919;15.5613804642;2
26;19;29157.9139945;15.7105981507;3
26;19;29690.0299666;15.9141731442;4
26;19;30392.2081149;16.1720672549;5
26;19;31253.061218;16.4629722167;6
26;19;32244.8669998;16.7683387155;7
26;19;33328.2391841;17.062280328;8
26;19;34454.7158136;17.3223092646;9
26;19;35594.0685763;17.5391607586;10
26;20;31955.6520031;16.3890304726;0
26;20;32015.2577811;16.4108485814;1
26;20;32204.8714736;16.4809932394;2
26;20;32530.8009503;16.5995670832;3
26;20;32995.1095335;16.7578988648;4
26;20;33600.4551047;16.9525889919;5
26;20;34335.0754065;17.1759193526;6
26;20;35174.5912439;17.4120415708;7
26;20;36085.3555378;17.647175124;8
26;20;37026.1825488;17.8561183783;9
26;20;37971.8501702;18.0279501003;10
26;21;35363.1637517;17.2823436388;0
26;21;35414.4638212;17.2997252158;1
26;21;35576.7275148;17.3536471346;2
26;21;35853.5288785;17.4421475516;3
26;21;36244.1356924;17.5585790248;4
26;21;36748.3027912;17.7023840728;5
26;21;37354.8712877;17.8625005054;6
26;21;38043.2006252;18.0350044462;7
26;21;38785.4830795;18.2022269778;8
26;21;39547.8322321;18.3656156328;9
26;21;40309.8283385;18.5031709487;10
26;22;38760.7137412;18.1351136889;0
26;22;38802.428494;18.1474474671;1
26;22;38933.75941;18.185422802;2
26;22;39156.3858472;18.251249603;3
26;22;39468.0534802;18.3367777125;4
26;22;39866.8877241;18.4417246772;5
26;22;40343.1296973;18.557013803;6
26;22;40880.2214018;18.6759166237;7
26;22;41456.3121443;18.7897453297;8
26;22;42044.879189;18.8946338062;9
26;22;42630.1699953;18.9909918795;10
26;23;42119.0993608;18.9431865962;0
26;23;42150.2558039;18.9518664599;1
26;23;42247.9669102;18.9781461405;2
26;23;42412.7298412;19.0199044064;3
26;23;42641.8371001;19.0758319234;4
26;23;42932.8547509;19.1425347756;5
26;23;43278.071221;19.2200645379;6
26;23;43665.258878;19.301321298;7
26;23;44078.5673613;19.3775465842;8
26;23;44498.8239497;19.443351402;9
26;23;44914.7888608;19.4958433631;10
26;24;45341.5038911;19.6912466837;0
26;24;45361.6554277;19.6959813626;1
26;24;45424.6525625;19.7103328791;2
26;24;45530.4153106;19.7331707334;3
26;24;45676.6495615;19.7646971838;4
26;24;45861.2328024;19.8019280388;5
26;24;46078.9531053;19.8450599706;6
26;24;46321.9757525;19.8890432321;7
26;24;46580.2980937;19.931049648;8
26;24;46841.8572731;19.9686048302;9
26;24;47099.6623488;19.9994740817;10
26;25;48276.6693331;20.3513275367;0
26;25;48286.1415333;20.3531904052;1
26;25;48315.6779986;20.358845411;2
26;25;48365.0908094;20.3684917529;3
26;25;48433.0983647;20.3812601285;4
26;25;48518.4977247;20.3962244466;5
26;25;48618.7551001;20.4125499555;6
26;25;48730.2154728;20.4297097531;7
26;25;48848.2703787;20.4461123238;8
26;25;48967.3761438;20.4601590279;9
26;25;49084.3510541;20.4713358023;10
